state: [86. 89. 89. 85. 89. 11.]
p: [90. 90. 90. 90. 90.]
state: [89. 90. 91. 90. 89. 11.]
p: [91.5862069  88.62068966 88.72413793 86.93103448 89.86206897]
state: [91. 90. 90. 88. 89. 11.]
p: [93.17241379 87.24137931 87.44827586 83.86206897 89.72413793]
state: [92. 88. 87. 85. 89. 11.]
p: [94.75862069 85.86206897 86.17241379 80.79310345 89.5862069 ]
state: [94. 87. 87. 82. 89. 11.]
p: [96.34482759 84.48275862 84.89655172 77.72413793 89.44827586]
state: [95. 84. 86. 79. 89. 11.]
p: [97.93103448 83.10344828 83.62068966 74.65517241 89.31034483]
state: [97. 84. 85. 76. 89. 11.]
p: [99.51724138 81.72413793 82.34482759 71.5862069  89.17241379]
state: [99. 82. 82. 72. 89. 11.]
p: [101.10344828  80.34482759  81.06896552  68.51724138  89.03448276]
state: [100.  80.  82.  70.  89.  11.]
p: [102.68965517  78.96551724  79.79310345  65.44827586  88.89655172]
state: [102.  80.  81.  65.  89.  11.]
p: [104.27586207  77.5862069   78.51724138  62.37931034  88.75862069]
state: [102.  79.  80.  65.  89.  11.]
p: [105.86206897  76.20689655  77.24137931  59.31034483  88.62068966]
state: [104.  78.  79.  62.  89.  11.]
p: [107.44827586  74.82758621  75.96551724  56.24137931  88.48275862]
state: [105.  76.  77.  59.  88.  11.]
p: [109.03448276  73.44827586  74.68965517  53.17241379  88.34482759]
state: [107.  75.  77.  55.  88.  11.]
p: [110.62068966  72.06896552  73.4137931   50.10344828  88.20689655]
state: [109.  72.  75.  53.  88.  11.]
p: [112.20689655  70.68965517  72.13793103  47.03448276  88.06896552]
state: [111.  72.  73.  50.  88.  11.]
p: [113.79310345  69.31034483  70.86206897  43.96551724  87.93103448]
state: [112.  71.  72.  46.  88.  11.]
p: [115.37931034  67.93103448  69.5862069   40.89655172  87.79310345]
state: [114.  68.  70.  41.  88.  11.]
p: [116.96551724  66.55172414  68.31034483  37.82758621  87.65517241]
state: [116.  67.  68.  39.  88.  11.]
p: [118.55172414  65.17241379  67.03448276  34.75862069  87.51724138]
state: [118.  65.  68.  35.  88.  11.]
p: [120.13793103  63.79310345  65.75862069  31.68965517  87.37931034]
state: [119.  65.  66.  32.  87.  11.]
p: [121.72413793  62.4137931   64.48275862  28.62068966  87.24137931]
state: [121.  62.  64.  29.  87.  11.]
p: [123.31034483  61.03448276  63.20689655  25.55172414  87.10344828]
state: [122.  62.  64.  26.  87.  11.]
p: [124.89655172  59.65517241  61.93103448  22.48275862  86.96551724]
state: [124.  61.  62.  22.  87.  11.]
p: [126.48275862  58.27586207  60.65517241  19.4137931   86.82758621]
state: [124.  59.  62.  22.  87.  11.]
p: [128.06896552  56.89655172  59.37931034  16.34482759  86.68965517]
state: [126.  58.  61.  19.  87.  11.]
p: [129.65517241  55.51724138  58.10344828  13.27586207  86.55172414]
state: [128.  57.  59.  15.  87.  11.]
p: [131.24137931  54.13793103  56.82758621  10.20689655  86.4137931 ]
state: [129.  55.  58.  13.  87.  11.]
p: [132.82758621  52.75862069  55.55172414   7.13793103  86.27586207]
state: [131.  54.  57.  10.  86.  11.]
p: [134.4137931   51.37931034  54.27586207   4.06896552  86.13793103]
state: [132.  52.  56.   7.  86.  11.]
p: [136.  50.  53.   1.  86.]
state: [134.  51.  54.   4.  86.  11.]
p: 11.0
state: [135.  50.  53.   2.  86.  11.]
p: 26.444444444444443
state: [135.  50.  53.   3.  86.  11.]
p: 41.888888888888886
state: [134.  50.  53.   4.  86.  30.]
p: 57.333333333333336
state: [134.  50.  53.   4.  86.  43.]
p: 72.77777777777777
state: [134.  50.  53.   4.  86.  63.]
p: 88.22222222222223
state: [134.  50.  53.   4.  86.  72.]
p: 103.66666666666667
state: [134.  50.  53.   4.  86.  94.]
p: 119.11111111111111
state: [134.  50.  53.   4.  86. 105.]
p: 134.55555555555554
state: [134.  50.  53.   4.  86. 126.]
p: 150.0
state: [134.  50.  53.   4.  86. 134.]
p: [136.  50.  53.   1.  86.]
state: [134.  50.  53.   4.  86. 141.]
p: [136.          50.68965517  53.           1.          86.        ]
state: [135.  50.  53.   2.  86. 141.]
p: [136.          51.37931034  53.           1.          86.        ]
state: [135.  50.  53.   2.  86. 141.]
p: [136.          52.06896552  53.           1.          86.        ]
state: [135.  51.  53.   2.  86. 141.]
p: [136.          52.75862069  53.           1.          86.        ]
state: [135.  51.  53.   2.  86. 141.]
p: [136.          53.44827586  53.           1.          86.        ]
state: [135.  51.  53.   2.  86. 140.]
p: [136.          54.13793103  53.           1.          86.        ]
state: [135.  53.  53.   2.  86. 139.]
p: [136.          54.82758621  53.           1.          86.        ]
state: [135.  53.  53.   2.  86. 138.]
p: [136.          55.51724138  53.           1.          86.        ]
state: [135.  54.  53.   2.  86. 138.]
p: [136.          56.20689655  53.           1.          86.        ]
state: [135.  55.  53.   2.  86. 138.]
p: [136.          56.89655172  53.           1.          86.        ]
state: [135.  55.  53.   2.  86. 137.]
p: [136.         57.5862069  53.          1.         86.       ]
state: [135.  56.  53.   2.  86. 137.]
p: [136.          58.27586207  53.           1.          86.        ]
state: [135.  57.  53.   2.  86. 137.]
p: [136.          58.96551724  53.           1.          86.        ]
state: [135.  57.  53.   2.  86. 137.]
p: [136.          59.65517241  53.           1.          86.        ]
state: [135.  58.  53.   2.  86. 137.]
p: [136.          60.34482759  53.           1.          86.        ]
state: [135.  59.  53.   2.  86. 137.]
p: [136.          61.03448276  53.           1.          86.        ]
state: [135.  59.  53.   2.  86. 137.]
p: [136.          61.72413793  53.           1.          86.        ]
state: [135.  60.  53.   2.  86. 137.]
p: [136.         62.4137931  53.          1.         86.       ]
state: [135.  61.  53.   2.  86. 137.]
p: [136.          63.10344828  53.           1.          86.        ]
state: [135.  61.  53.   2.  86. 137.]
p: [136.          63.79310345  53.           1.          86.        ]
state: [135.  62.  53.   2.  86. 137.]
p: [136.          64.48275862  53.           1.          86.        ]
state: [135.  63.  53.   2.  86. 137.]
p: [136.          65.17241379  53.           1.          86.        ]
state: [135.  63.  53.   2.  86. 137.]
p: [136.          65.86206897  53.           1.          86.        ]
state: [135.  63.  53.   2.  86. 137.]
p: [136.          66.55172414  53.           1.          86.        ]
state: [135.  65.  53.   2.  86. 137.]
p: [136.          67.24137931  53.           1.          86.        ]
state: [135.  65.  53.   2.  86. 137.]
p: [136.          67.93103448  53.           1.          86.        ]
state: [135.  66.  53.   1.  86. 137.]
p: [136.          68.62068966  53.           1.          86.        ]
state: [135.  67.  53.   2.  86. 137.]
p: [136.          69.31034483  53.           1.          86.        ]
state: [135.  67.  53.   2.  86. 137.]
p: [136.  70.  53.   1.  86.]
state: [135.  68.  53.   2.  86. 137.]
p: [136.  70.  53.   1.  86.]
state: [135.  69.  53.   2.  86. 137.]
p: [133.58974359  70.          53.           1.          86.        ]
state: [135.  69.  53.   2.  86. 137.]
p: [131.17948718  70.          53.           1.          86.        ]
state: [133.  69.  53.   2.  86. 137.]
p: [128.76923077  70.          53.           1.          86.        ]
state: [130.  69.  53.   1.  86. 137.]
p: [126.35897436  70.          53.           1.          86.        ]
state: [128.  69.  53.   2.  86. 137.]
p: [123.94871795  70.          53.           1.          86.        ]
state: [125.  69.  53.   2.  86. 137.]
p: [121.53846154  70.          53.           1.          86.        ]
state: [123.  69.  53.   2.  86. 137.]
p: [119.12820513  70.          53.           1.          86.        ]
state: [121.  69.  53.   2.  86. 137.]
p: [116.71794872  70.          53.           1.          86.        ]
state: [119.  69.  53.   2.  86. 137.]
p: [114.30769231  70.          53.           1.          86.        ]
state: [116.  69.  53.   2.  86. 137.]
p: [111.8974359  70.         53.          1.         86.       ]
state: [113.  69.  53.   1.  86. 137.]
p: [109.48717949  70.          53.           1.          86.        ]
state: [111.  69.  53.   2.  86. 137.]
p: [107.07692308  70.          53.           1.          86.        ]
state: [109.  69.  53.   2.  86. 137.]
p: [104.66666667  70.          53.           1.          86.        ]
state: [106.  69.  53.   2.  86. 137.]
p: [102.25641026  70.          53.           1.          86.        ]
state: [104.  69.  53.   1.  86. 137.]
p: [99.84615385 70.         53.          1.         86.        ]
state: [101.  69.  53.   1.  86. 137.]
p: [97.43589744 70.         53.          1.         86.        ]
state: [ 99.  69.  53.   2.  86. 137.]
p: [95.02564103 70.         53.          1.         86.        ]
state: [ 96.  69.  53.   2.  86. 137.]
p: [92.61538462 70.         53.          1.         86.        ]
state: [ 95.  69.  53.   2.  86. 137.]
p: [90.20512821 70.         53.          1.         86.        ]
state: [ 92.  69.  53.   2.  86. 137.]
p: [87.79487179 70.         53.          1.         86.        ]
state: [ 89.  69.  53.   1.  86. 137.]
p: [85.38461538 70.         53.          1.         86.        ]
state: [ 87.  69.  53.   2.  86. 137.]
p: [82.97435897 70.         53.          1.         86.        ]
state: [ 84.  69.  53.   1.  86. 137.]
p: [80.56410256 70.         53.          1.         86.        ]
state: [ 82.  69.  53.   2.  86. 137.]
p: [78.15384615 70.         53.          1.         86.        ]
state: [ 80.  69.  53.   1.  86. 137.]
p: [75.74358974 70.         53.          1.         86.        ]
state: [ 77.  69.  53.   2.  86. 137.]
p: [73.33333333 70.         53.          1.         86.        ]
state: [ 75.  69.  53.   2.  86. 137.]
p: [70.92307692 70.         53.          1.         86.        ]
state: [ 72.  69.  53.   2.  86. 137.]
p: [68.51282051 70.         53.          1.         86.        ]
state: [ 70.  69.  53.   1.  86. 137.]
p: [66.1025641 70.        53.         1.        86.       ]
state: [ 68.  69.  53.   1.  86. 137.]
p: [63.69230769 70.         53.          1.         86.        ]
state: [ 65.  69.  53.   2.  86. 137.]
p: [61.28205128 70.         53.          1.         86.        ]
state: [ 63.  69.  53.   2.  86. 137.]
p: [58.87179487 70.         53.          1.         86.        ]
state: [ 60.  69.  53.   2.  86. 137.]
p: [56.46153846 70.         53.          1.         86.        ]
state: [ 58.  69.  53.   2.  86. 137.]
p: [54.05128205 70.         53.          1.         86.        ]
state: [ 55.  69.  53.   2.  86. 137.]
p: [51.64102564 70.         53.          1.         86.        ]
state: [ 54.  69.  53.   1.  86. 137.]
p: [49.23076923 70.         53.          1.         86.        ]
state: [ 50.  69.  53.   2.  86. 137.]
p: [46.82051282 70.         53.          1.         86.        ]
state: [ 48.  69.  53.   2.  86. 137.]
p: [44.41025641 70.         53.          1.         86.        ]
state: [ 46.  69.  53.   2.  86. 137.]
p: [42. 70. 53.  1. 86.]
state: [ 43.  69.  53.   2.  86. 137.]
p: [42. 70. 53.  1. 86.]
state: [ 41.  69.  53.   1.  86. 137.]
p: [42.         68.33333333 53.          1.         86.        ]
state: [ 42.  69.  53.   1.  86. 137.]
p: [42.         66.66666667 53.          1.         86.        ]
state: [ 42.  69.  53.   1.  86. 137.]
p: [42. 65. 53.  1. 86.]
state: [ 42.  67.  53.   2.  86. 137.]
p: [42.         63.33333333 53.          1.         86.        ]
state: [ 42.  65.  53.   2.  86. 137.]
p: [42.         61.66666667 53.          1.         86.        ]
state: [ 42.  63.  53.   2.  86. 137.]
p: [42. 60. 53.  1. 86.]
state: [ 42.  62.  53.   1.  86. 137.]
p: [42.         58.33333333 53.          1.         86.        ]
state: [ 42.  60.  53.   2.  86. 137.]
p: [42.         56.66666667 53.          1.         86.        ]
state: [ 42.  58.  53.   1.  86. 137.]
p: [42. 55. 53.  1. 86.]
state: [ 42.  57.  53.   2.  86. 137.]
p: 137.0
state: [ 42.  56.  53.   2.  86. 137.]
p: 122.88888888888889
state: [ 42.  56.  53.   2.  86. 137.]
p: 108.77777777777777
state: [ 42.  56.  53.   2.  86. 117.]
p: 94.66666666666667
state: [ 42.  56.  53.   2.  86. 103.]
p: 80.55555555555556
state: [42. 56. 53.  2. 86. 92.]
p: 66.44444444444444
state: [42. 56. 53.  2. 86. 75.]
p: 52.33333333333334
state: [42. 56. 53.  2. 86. 65.]
p: 38.22222222222223
state: [42. 56. 53.  2. 86. 47.]
p: 24.111111111111114
state: [42. 56. 53.  2. 86. 34.]
p: 10.0

